image_width: 1920
image_height: 1080
camera_name: camera
camera_matrix:
  rows: 3
  cols: 3
  data: [1077.581516491445, 0, 943.8462994980694, 0, 1080.592974242798, 486.9834820428669, 0, 0, 1]
distortion_model: plumb_bob 
distortion_coefficients:
  rows: 1
  cols: 5
  data: [-0.3223005452276173, 0.06587957657363591, -0.0002170737412808167, 0.003574443955569356, 0]
rectification_matrix:
  rows: 3
  cols: 3
  data: [1, 0, 0, 0, 1, 0, 0, 0, 1]
projection_matrix:
  rows: 3
  cols: 4
  data: [665.37890625, 0, 967.0306990128011, 0, 0, 976.2435302734375, 474.0821534171373, 0, 0, 0, 1, 0]
